;len;Скорость;Широта;Долгота;Вес мгновенный;Продольный наклон;Поперечный наклон;Высота;Уровень топлива, литры;Уровень топлива, проценты;путь;ДВС.Расход топлива;Ускорение по оси X;Ускорение по оси Y;Ускорение по оси Z;Статус самосвала;Самосвал;Модель самосвала;Грузоподъемность;Обороты двигателя;Расчетный выходной крутящий момент двигателя (в процентах от эталонного);Текущая нагрузка двигателя;Давление в левой передней шине;Температура в левой передней шине;Давление в правой передней шине;Температура в правой передней шине;Давление в левой задней внешней шине;Температура в левой задней внешней шине;Давление в левой задней внутренней шине;Температура в левой задней внутренней шине;Давление в правой задней внутренней шине;Температура в правой задней внутренней шине;Давление в правой задней внешней шине;Температура в правой задней внешней шине;Расход топлива;Давление левый передний цилиндр;Давление правый передний цилиндр;Давление левый задний цилиндр;Давление правый задний цилиндр;уклон;azimut;isin_border;Давление левый передний цилиндр_;Давление правый передний цилиндр_;Давление левый задний цилиндр_;Давление правый задний цилиндр_;point;nom_point;уровень давления впереди,МПа;уровень давления сзади,МПа;рекомендованная скорость_turns;Поворот влево;Поворот вправо;centr;radius;подъем;спуск;рекомендованная скорость_min;рекомендованная скорость_max
0;0.0;8.0;53.7281782;86.8531446;186.0;3.503529825333138;0.3957986496969366;-0.8865170589308375;;54.8;0.0;55.4;-0.0010196798205363;-0.9992862241256244;-0.061180789232181;Груженный движется вперед;95;7530G;240;1254.0;25.0;28.0;808.0;32.0;804.0;31.0;884.0;48.0;888.0;45.0;4.0;48.0;848.0;51.0;0.0923333333333333;6.5;4.6;6.6;14.6;2.0420575925684363;-0.12996762114997162;0;6.0;6.0;10.1;14.645;point_30%;1;6.0;10.1;0.0;0;0;-;0.0;0;0;0.0;0.0
1;13.0;11.0;53.7281635;86.8533347;183.0;-1.7760247754325111;0.12344805594298286;0.17141734383114704;;55.2;12.626402466962997;16.125;0.0397675130009177;-1.0186601407158151;0.0316100744366268;Груженный движется вперед;95;7530G;240;1306.0;7.0;9.0;808.0;32.0;804.0;31.0;884.0;48.0;888.0;45.0;4.0;48.0;848.0;51.0;0.1102499999999999;6.9;8.6;10.0;13.3;1.67133134422238;-0.10692489590740561;0;6.0;8.7;10.1;14.645;point_30%;1;6.0;10.1;0.0;0;0;-;0.0;0;0;0.0;0.0
2;24.0;9.0;53.7281528;86.8535032;183.5;0.5002031235137103;-0.16813033320419551;1.0001319242698619;;56.2;11.16108893298469;119.05;0.0147853573977771;-0.9926583052921384;-0.008667278474559;Груженный движется вперед;95;7530G;240;923.0;50.0;100.0;808.0;32.0;804.0;31.0;884.0;48.0;888.0;45.0;4.0;48.0;848.0;51.0;0.2425277777777777;6.3;7.8;11.1;10.7;1.3090417346057415;-0.07267666222245772;0;6.0;6.0;10.1;10.1;-;0;6.0;10.1;0.0;0;0;-;0.0;0;0;0.0;0.0
3;35.0;6.0;53.7281454;86.853675;184.0;2.5810749533800603;-0.475014192309057;1.617978190391987;;55.6;11.34463388441803;218.35;-0.0509839910268175;-1.0166207810747423;-0.0458855919241358;Груженный движется вперед;95;7530G;240;1310.0;67.0;99.0;808.0;32.0;804.0;31.0;884.0;48.0;888.0;45.0;4.0;48.0;848.0;51.0;0.4851388888888889;7.3;5.9;10.0;12.0;0.957886579855687;-0.1435448747083481;0;6.0;6.0;10.1;10.1;-;0;6.0;10.1;0.0;0;0;-;0.0;0;0;0.0;0.0
4;45.0;7.0;53.7281333;86.8538165;181.0;2.6314270715796613;-0.7932811959360602;2.043307650204203;;55.6;9.415984344938806;224.55;0.003059039461609;-1.009483022330988;-0.046395431834404;Груженный движется вперед;95;7530G;240;1346.0;69.0;96.5;808.0;32.0;804.0;31.0;884.0;48.0;888.0;45.0;4.0;48.0;848.0;51.0;0.7346388888888888;4.0;7.5;11.9;9.8;0.6205636961093834;-0.24159521468145884;0;6.0;6.0;10.1;10.1;-;0;6.0;10.1;0.0;0;0;-;0.0;0;0;0.0;0.0
5;55.0;11.0;53.7281105;86.8539729;182.0;-1.783715435089026;-1.119009018649663;2.29447181171319;;56.0;10.60855494149336;116.35;-0.1060467013357805;-1.009483022330988;0.0316100744366268;Груженный движется вперед;95;7530G;240;938.0;50.5;100.0;808.0;32.0;804.0;31.0;884.0;48.0;888.0;45.0;4.0;48.0;848.0;51.0;0.896236111111111;11.0;6.5;9.1;13.9;0.2997708995039967;-0.46700079853703125;0;8.7;6.0;10.1;14.645;point_30%;2;6.0;10.1;0.0;0;0;-;0.0;0;0;0.0;0.0
6;71.0;13.0;53.7280458;86.8541898;190.0;1.902140153337472;-1.4482753350143247;2.389822182925629;;56.8;15.998016612503994;140.95;-0.0367084735393086;-1.012542061792597;-0.0336494340776996;Груженный движется вперед;95;7530G;240;1099.5;53.0;100.0;808.0;32.0;804.0;31.0;884.0;48.0;888.0;45.0;4.0;48.0;848.0;51.0;1.052847222222222;8.3;5.5;7.9;15.8;-0.0017939938233060282;-0.8973532543595524;0;8.7;6.0;10.1;14.645;point_30%;2;6.0;10.1;0.0;0;0;-;0.0;0;0;0.0;0.0
7;87.0;15.0;53.7279368;86.8543368;185.0;-0.38822580855741745;-1.777157819594503;2.3477102718481992;;56.4;15.52302302789544;137.85000000000002;-0.0122361578464362;-1.0533292546140511;0.0071377587437544;Груженный движется вперед;95;7530G;240;1064.0;52.0;100.0;808.0;32.0;804.0;31.0;884.0;48.0;888.0;45.0;4.0;48.0;848.0;51.0;1.2060138888888887;7.1;8.4;10.0;11.2;-0.28143316773535876;-1.2016237132412777;0;8.7;8.7;10.1;10.1;point_30%;2;6.0;10.1;0.0;0;0;-;0.0;0;0;0.0;0.0
8;103.0;14.0;53.7277975;86.8544279;188.0;-0.18073109486798508;-2.1017341469546564;2.1864875864875826;;56.8;16.627308376840595;47.975;-0.0112164780258998;-0.9697155093300704;0.003059039461609;Груженный движется вперед;95;7530G;240;1285.5;17.0;27.0;808.0;32.0;804.0;31.0;884.0;48.0;888.0;45.0;4.0;48.0;848.0;51.0;1.2593194444444442;6.6;9.1;10.6;10.7;-0.5364488060949948;-1.469381429069668;0;8.7;8.7;10.1;10.1;point_30%;2;6.0;10.1;0.0;0;0;-;0.0;0;0;0.0;0.0
9;120.0;15.0;53.7276446;86.8544542;186.0;-0.8025761622757276;-2.4180819916592435;1.9245056348504588;;56.8;17.108945241966865;41.95;0.0285510349750178;-1.0186601407158151;0.0142755174875089;Груженный движется вперед;95;7530G;240;1299.0;15.0;24.0;808.0;32.0;804.0;31.0;884.0;48.0;888.0;45.0;4.0;48.0;848.0;51.0;1.3059305555555554;7.9;9.4;12.6;9.8;-0.7641430927650479;-1.9469243532559415;0;8.7;8.7;10.1;10.1;point_30%;2;6.0;10.1;0.0;0;0;-;0.0;0;0;0.0;0.0
10;139.0;15.0;53.7274906;86.8543514;187.0;1.7072851519468861;-2.7222790282727227;1.5801159249435086;;57.6;18.43199661387921;134.525;-0.1182828591822167;-0.9850107066381156;-0.0295707147955541;Груженный движется вперед;95;7530G;240;1062.0;51.0;100.0;808.0;32.0;804.0;31.0;884.0;48.0;888.0;45.0;4.0;48.0;848.0;51.0;1.5675069444444445;7.3;4.6;10.6;9.6;-0.9618182116083513;-2.1871418290973677;0;8.7;8.7;10.1;10.1;point_30%;2;6.0;10.1;0.0;0;0;-;0.0;0;0;0.0;0.0
11;174.0;14.0;53.7272312;86.8540408;188.0;-0.11492910345751899;-3.0104029313595526;1.1716699647734101;;56.8;35.38829320402162;151.925;0.0469052717446721;-1.015601101254206;0.0020393596410727;Груженный движется вперед;95;7530G;240;1046.0;57.0;100.0;808.0;32.0;804.0;31.0;884.0;48.0;888.0;45.0;4.0;48.0;848.0;51.0;1.7785138888888887;4.2;9.2;11.5;10.2;-1.126776346487738;-2.263098312986747;0;8.7;8.7;10.1;10.1;point_30%;2;6.0;10.1;0.0;0;0;-;0.0;0;0;0.0;0.0
12;193.0;17.0;53.7271037;86.8538621;186.0;-1.9384814924485436;-3.2785313754841923;0.7175192623468458;;56.4;18.43836560872703;160.1;-0.0764759865402263;-1.0818802895890691;0.0367084735393086;Груженный движется вперед;95;7530G;240;1308.0;55.0;94.5;808.0;32.0;804.0;31.0;884.0;48.0;888.0;45.0;4.0;48.0;848.0;51.0;1.9564027777777773;8.4;8.3;14.6;8.2;-1.2563196812660427;-2.1850983254992897;0;8.7;8.7;14.645;10.1;point_30%;2;6.0;10.1;0.0;0;0;-;0.0;0;0;0.0;0.0
13;211.0;14.0;53.7269705;86.8537033;186.0;-1.9384274001423516;-3.5227420352111634;0.23601532567050248;;56.8;18.14541321255656;40.675;-0.0642398286937901;-0.99214846538187;0.0336494340776996;Груженный движется вперед;95;7530G;240;1302.0;15.0;23.0;808.0;32.0;804.0;31.0;884.0;48.0;888.0;45.0;4.0;48.0;848.0;51.0;2.001597222222222;8.2;6.0;8.7;10.2;-1.3477503998061215;-2.3619497813012895;0;8.7;6.0;10.1;10.1;point_30%;2;6.0;10.1;0.0;0;0;-;0.0;0;0;0.0;0.0
14;228.0;15.0;53.7268623;86.8535183;182.0;-5.118458040176153;-3.6710350392791344;-0.15402298850575002;;57.2;17.133030327782244;42.2;-0.1009483022330988;-0.9737942286122158;0.0876924645661262;Груженный движется вперед;95;7530G;240;1303.0;15.0;24.0;808.0;32.0;804.0;31.0;884.0;48.0;888.0;45.0;4.0;48.0;848.0;51.0;2.0484861111111106;8.9;7.3;10.0;11.9;-1.2660436926722427;-2.544392197672198;0;8.7;6.0;10.1;10.1;point_30%;2;6.0;10.1;0.0;0;0;-;0.0;0;0;0.0;0.0
15;248.0;18.0;53.7267589;86.8532613;183.0;-3.4010973570260443;-3.7084134133365394;-0.52183908045978;;57.6;20.46948550183308;42.35;-0.07545630671969;-1.009483022330988;0.0601611094116447;Груженный движется вперед;95;7530G;240;1301.0;15.0;24.0;808.0;32.0;804.0;31.0;884.0;48.0;888.0;45.0;4.0;48.0;848.0;51.0;2.0837777777777773;8.0;6.6;11.9;11.7;-1.4618878395762063;-2.617283775130068;0;8.7;6.0;10.1;10.1;point_30%;2;6.0;10.1;0.0;0;0;-;0.0;0;0;0.0;0.0
16;269.0;19.0;53.7266657;86.8529889;184.0;-2.8480992343677256;-3.814511205646656;-0.9386973180076805;;57.6;20.72475082066788;42.125;-0.0795350260018354;-1.0217191801774244;0.0509839910268175;Груженный движется вперед;95;7530G;240;1301.0;15.0;24.0;808.0;32.0;804.0;31.0;884.0;48.0;888.0;45.0;4.0;48.0;848.0;51.0;2.130583333333333;9.3;7.9;13.4;11.5;-1.5282367595673132;-2.9755222654074425;0;8.7;8.7;14.645;10.1;point_30%;2;6.0;10.1;0.0;0;0;-;0.0;0;0;0.0;0.0
17;290.0;18.0;53.7266347;86.8526763;182.0;-3.396124145990644;-3.8499938588654947;-1.3662835249042404;;58.0;20.87567176144304;54.4;-0.1203222188232894;-1.093096767614969;0.0652595085143265;Груженный движется вперед;95;7530G;240;1298.0;19.0;31.0;808.0;32.0;804.0;31.0;884.0;48.0;888.0;45.0;4.0;48.0;848.0;51.0;2.1910277777777774;9.2;6.6;11.1;10.6;-1.3108029292877557;2.774027454910021;0;8.7;6.0;14.645;10.1;point_30%;2;6.0;10.1;18.0;0;1;[53.72694456834616, 86.85273432995089];34.70612988001672;0;0;0.0;0.0
18;308.0;18.0;53.7266917;86.8524261;186.0;-0.4518743234797416;-3.6640551260432295;-1.7693486590038652;;58.0;17.658125886416634;35.6;-0.1060467013357805;-1.0288569389211788;0.0081574385642908;Груженный движется вперед;95;7530G;240;1104.0;31.0;58.0;808.0;32.0;804.0;31.0;884.0;48.0;888.0;45.0;4.0;48.0;848.0;51.0;2.2305833333333327;7.3;7.3;13.8;7.4;-0.9519452637012976;2.2187424715293593;0;6.0;6.0;14.645;10.1;point_30%;2;6.0;10.1;18.0;0;1;-;0.0;0;0;0.0;0.0
19;328.0;18.0;53.7268377;86.8522393;189.0;2.0630595031914383;-4.031226045649785;-2.115708812260577;;58.0;20.384329248262382;275.20000000000005;-0.040787192821454;-0.9615580707657796;-0.0346691138982359;Груженный движется вперед;95;7530G;240;1424.0;79.0;99.0;808.0;32.0;804.0;31.0;884.0;48.0;888.0;45.0;4.0;48.0;848.0;51.0;2.612805555555555;5.7;6.0;11.7;9.3;-0.8338840362694764;2.178750397718792;0;6.0;6.0;10.1;10.1;-;0;6.0;10.1;18.0;0;1;-;0.0;0;0;0.0;0.0
20;346.0;20.0;53.7269671;86.8520871;188.0;1.5647578066381567;-4.003382556744997;-2.4222222222222687;;57.2;17.54955502097289;179.075;-0.0285510349750178;-1.0074436626899157;-0.0275313551544814;Груженный движется вперед;95;7530G;240;1180.0;61.0;99.0;808.0;32.0;804.0;31.0;884.0;48.0;888.0;45.0;4.0;48.0;848.0;51.0;2.811777777777777;7.3;7.1;11.7;13.0;-0.46316736264543423;2.071446850822534;0;6.0;6.0;10.1;10.1;-;0;6.0;10.1;0.0;0;0;-;0.0;0;0;0.0;0.0
21;368.0;22.0;53.72714;86.8519272;189.0;-0.17622418428744263;-4.1227981404008585;-2.5310344827586695;;57.2;21.940185779725827;55.4;-0.0530233506678902;-0.9931681452024064;0.003059039461609;Груженный движется вперед;95;7530G;240;1073.0;32.0;59.0;808.0;32.0;804.0;31.0;884.0;48.0;888.0;45.0;4.0;48.0;848.0;51.0;2.873333333333333;5.9;7.7;12.3;9.3;-0.1363474889083442;2.105893513265846;0;6.0;6.0;10.1;10.1;-;0;6.0;10.1;0.0;0;0;-;0.0;0;0;0.0;0.0
22;394.0;23.0;53.7273446;86.8517222;188.0;2.015634531969302;-4.0194119531053705;-2.465134099616906;;56.8;26.477409765154324;224.225;-0.078515346181299;-1.0400734169470789;-0.0367084735393086;Груженный движется вперед;95;7530G;240;1355.0;67.0;99.0;808.0;32.0;804.0;31.0;884.0;48.0;888.0;45.0;4.0;48.0;848.0;51.0;3.0601875;6.6;6.5;11.1;8.8;0.27871983787923715;2.121442782374353;0;6.0;6.0;10.1;10.1;-;0;6.0;10.1;0.0;0;0;-;0.0;0;0;0.0;0.0
23;420.0;24.0;53.7275456;86.8515136;189.0;1.5607771612168697;-3.9392309300374904;-2.2045977011494684;;56.8;26.256714937491303;223.875;-0.0774956663607627;-1.0074436626899157;-0.0275313551544814;Груженный движется вперед;95;7530G;240;1450.0;63.0;70.0;808.0;32.0;804.0;31.0;884.0;48.0;888.0;45.0;4.0;48.0;848.0;51.0;3.3089374999999994;6.6;6.5;11.0;8.4;0.650997112079748;2.173742624089396;0;6.0;6.0;10.1;10.1;-;0;6.0;10.1;0.0;0;0;-;0.0;0;0;0.0;0.0
24;451.0;26.0;53.7277704;86.851252;185.0;-1.022820871375988;-4.206584306314932;-1.732567049808463;;56.8;30.38246465681306;120.6625;-0.0938105434893443;-1.023758539818497;0.0183542367696543;Груженный движется вперед;95;7530G;240;1194.0;36.5;43.5;808.0;32.0;804.0;31.0;884.0;48.0;888.0;45.0;4.0;48.0;848.0;51.0;3.476524305555555;8.8;5.6;11.0;13.1;1.1423216087936507;2.0355236789855855;0;8.7;6.0;10.1;10.1;point_30%;3;6.0;10.1;0.0;0;0;-;0.0;0;0;0.0;0.0
25;487.0;25.0;53.7280614;86.8510054;189.0;0.5742329555554123;-3.9246328884999375;-0.9685823754789473;;56.8;36.23779117044042;17.45;-0.0601611094116447;-1.015601101254206;-0.0101967982053635;Груженный движется вперед;95;7530G;240;919.0;10.0;17.0;808.0;32.0;804.0;31.0;884.0;48.0;888.0;45.0;4.0;48.0;848.0;51.0;3.495913194444444;7.0;5.7;9.7;12.6;1.5599441517733064;2.0602694714129566;0;6.0;6.0;10.1;10.1;-;0;6.0;10.1;0.0;0;0;-;0.0;0;0;0.0;0.0
26;516.0;24.0;53.7282904;86.8507992;191.0;1.7681705120135496;-3.9284740627625307;0.05363984674329385;;56.8;28.884174667297383;140.425;-0.0285510349750178;-0.9574793514836342;-0.0295707147955541;Груженный движется вперед;95;7530G;240;1067.0;53.0;100.0;808.0;32.0;804.0;31.0;884.0;48.0;888.0;45.0;4.0;48.0;848.0;51.0;3.6519409722222216;5.2;7.0;13.4;9.2;1.9100597972225657;2.0555825410400193;0;6.0;6.0;14.645;10.1;point_30%;4;6.0;10.1;0.0;0;0;-;0.0;0;0;0.0;0.0
27;540.0;22.0;53.72848;86.8506304;187.0;2.125843915728616;-3.9895003147228705;1.1846743295019353;;56.8;23.855280318700856;394.425;-0.07545630671969;-0.986030386458652;-0.0367084735393086;Груженный движется вперед;95;7530G;240;1663.0;97.0;100.0;808.0;32.0;804.0;31.0;884.0;48.0;888.0;45.0;4.0;48.0;848.0;51.0;4.199753472222222;7.0;5.5;9.4;11.9;2.349847507478181;2.037941352565597;0;6.0;6.0;10.1;10.1;-;0;6.0;10.1;0.0;0;0;-;0.0;0;0;0.0;22.0
28;567.0;22.0;53.7287011;86.8504419;187.0;3.185212423049292;-4.073125906762658;2.5386973180077077;;56.4;27.566738270702903;422.1;-0.0520036708473539;-1.0247782196390334;-0.0571020699500356;Груженный движется вперед;95;7530G;240;1824.0;90.0;99.0;808.0;32.0;804.0;31.0;884.0;48.0;888.0;45.0;4.0;48.0;848.0;51.0;4.668753472222222;5.9;5.1;9.4;10.2;2.553297332849908;2.087690262843833;0;6.0;6.0;10.1;10.1;-;0;6.0;10.1;0.0;0;0;-;0.0;0;0;0.0;0.0
29;597.0;23.0;53.7289361;86.8502161;189.0;4.282754978941684;-3.9581077054080565;4.025287356321911;;56.4;30.091788331113783;417.675;-0.0173345569491179;-1.0074436626899157;-0.07545630671969;Груженный движется вперед;95;7530G;240;1826.0;88.0;100.0;808.0;32.0;804.0;31.0;884.0;48.0;888.0;45.0;4.0;48.0;848.0;51.0;5.132836805555555;5.9;5.2;10.1;11.6;2.838934804462546;2.015429506910637;0;6.0;6.0;10.1;10.1;-;0;6.0;10.1;0.0;0;0;-;0.0;0;0;0.0;0.0
30;624.0;25.0;53.7291488;86.8500448;188.0;3.133389244465769;-3.8123501242168483;5.660536398467535;;56.4;26.22828563726033;413.75;-0.0876924645661262;-0.9646171102273886;-0.0530233506678902;Груженный движется вперед;95;7530G;240;1827.0;87.0;100.0;808.0;32.0;804.0;31.0;884.0;48.0;888.0;45.0;4.0;48.0;848.0;51.0;5.592559027777777;7.5;6.4;12.4;9.1;3.0894629145851877;2.0837025142811534;0;6.0;6.0;10.1;10.1;-;0;6.0;10.1;0.0;0;0;-;0.0;1;0;0.0;0.0
31;657.0;29.0;53.7294111;86.8497951;187.0;2.53684359509108;-3.6520117097719402;7.318007662835383;;56.0;33.511862148399466;412.925;-0.1121647802589986;-1.006423982869379;-0.0448659121035994;Груженный движется вперед;95;7530G;240;1732.0;98.0;100.0;808.0;32.0;804.0;31.0;884.0;48.0;888.0;45.0;4.0;48.0;848.0;51.0;6.051364583333332;6.6;5.9;11.0;10.3;3.116306371329547;1.9679818270539107;0;6.0;6.0;10.1;10.1;-;0;6.0;10.1;0.0;0;0;-;0.0;1;0;0.0;0.0
32;691.0;30.0;53.7296957;86.8495933;188.0;3.535987380966445;-3.5894831917305936;9.088888888889056;;56.4;34.356630579693544;390.35;-0.0530233506678902;-1.0217191801774244;-0.0632201488732537;Груженный движется вперед;95;7530G;240;1832.0;83.0;100.0;808.0;32.0;804.0;31.0;884.0;48.0;888.0;45.0;4.0;48.0;848.0;51.0;6.485086805555555;5.4;7.3;13.7;9.4;3.3183417907870227;1.8695155056427177;1;6.0;6.0;14.645;10.1;point_30%;5;6.0;10.1;0.0;0;0;-;0.0;1;0;0.0;0.0
33;735.0;31.0;53.7300661;86.8494005;193.0;3.8344770686270526;-3.302662108904087;10.993103448276063;;56.8;43.14412635052628;390.65;-0.1213418986438258;-0.9967370245742836;-0.0672988681553992;Груженный движется вперед;95;7530G;240;1677.0;97.0;100.0;808.0;32.0;804.0;31.0;883.9580419580419;47.989510489510494;888.0;45.0;4.0;48.0;848.0;51.0;6.91914236111111;8.2;6.9;15.4;9.7;3.6695827903309315;1.7756249686016439;1;8.7;6.0;14.645;10.1;point_30%;5;6.0;10.1;0.0;0;0;-;0.0;1;0;0.0;0.0
34;767.0;31.0;53.7303503;86.8493007;187.0;3.6460010042730784;-3.0154860910070345;13.068199233716717;;56.8;32.31301562971239;390.675;-0.0448659121035994;-0.9911287855613338;-0.0632201488732537;Груженный движется вперед;95;7530G;240;1833.0;82.0;100.0;808.0;32.0;804.0;31.0;883.9020979020979;47.97552447552448;888.0;45.0;4.0;48.0;848.0;51.0;7.461746527777777;6.3;7.0;13.4;9.2;4.067950190215029;1.6852201023888282;1;6.0;6.0;14.645;10.1;point_30%;5;6.0;10.1;0.0;0;0;-;0.0;0;0;0.0;0.0
35;800.0;31.0;53.7306504;86.8492424;190.0;2.9553322792207;-2.729662878674303;15.304214559387257;;56.8;33.62744506980512;394.35;-0.0999286224125624;-1.0023452635872336;-0.0520036708473539;Груженный движется вперед;95;7530G;240;1832.0;83.0;100.0;808.0;32.0;804.0;31.0;883.8461538461538;47.96153846153847;888.0;45.0;4.0;48.0;848.0;51.0;7.899913194444443;7.1;4.6;10.3;10.6;4.362193573876761;1.5450812217528869;1;6.0;6.0;10.1;10.1;-;0;6.0;10.1;0.0;0;0;-;0.0;0;0;0.0;0.0
36;833.0;26.0;53.7309448;86.8492552;191.0;3.590222868278043;-2.391618745772568;17.62298850574745;;56.4;32.78385193283623;410.0;-0.023452635872336;-0.974813908432752;-0.061180789232181;Груженный движется вперед;95;7530G;240;1828.0;87.0;100.0;808.0;32.0;804.0;31.0;883.7902097902098;47.94755244755245;888.0;45.0;4.0;48.0;848.0;51.0;8.355468749999998;4.5;6.0;11.4;8.6;4.721685591186855;1.402182228591195;1;6.0;6.0;10.1;10.1;-;0;6.0;10.1;0.0;0;0;-;0.0;0;0;0.0;0.0
37;862.0;19.0;53.7311964;86.8493276;188.0;5.105570827654945;-2.0926402021957644;20.055938697318375;;56.0;28.411382542438293;413.05;-0.0438462322830631;-1.00336494340777;-0.0897318242071989;Груженный движется вперед;95;7530G;240;1826.0;88.0;100.0;808.0;32.0;804.0;31.0;883.7342657342657;47.93356643356644;888.0;45.0;4.0;48.0;848.0;51.0;8.814413194444443;5.1;4.3;9.3;10.7;5.079046877133258;1.4954805870611534;1;6.0;6.0;10.1;10.1;-;0;6.0;10.1;0.0;0;0;-;0.0;0;0;0.0;0.0
38;885.0;15.0;53.7314018;86.8493538;188.0;6.229771778388243;-1.8011439401867115;22.586973180077045;;55.6;22.930416101306484;418.025;-0.0275313551544814;-1.0084633425104517;-0.1101254206179259;Груженный движется вперед;95;7530G;240;1826.0;89.0;100.0;808.0;32.0;804.0;31.0;883.6783216783217;47.91958041958041;888.0;45.0;4.0;48.0;848.0;51.0;9.278885416666665;4.3;4.5;9.4;10.6;5.148986537120138;1.6311169527454927;1;6.0;6.0;10.1;10.1;-;0;6.0;10.1;0.0;0;0;-;0.0;0;0;0.0;0.0
39;903.0;13.0;53.7315644;86.8493372;188.0;6.691693946490345;-1.4993828213279745;24.97318007662881;;55.2;18.13383651129068;421.5750000000001;-0.0188640766799225;-0.9992862241256244;-0.1172631793616804;Груженный движется вперед;95;7530G;240;1825.0;89.0;100.0;808.0;32.0;804.0;31.0;883.6223776223776;47.9055944055944;888.0;45.0;4.0;48.0;848.0;51.0;10.098614583333331;4.2;4.2;8.7;11.0;5.312963014975936;1.6163287215260027;1;6.0;6.0;10.1;10.1;-;0;6.0;10.1;0.0;0;0;-;0.0;0;0;0.0;0.0
40;937.0;15.0;53.7318734;86.8493134;188.0;5.478796967617806;-0.9943191953822799;27.347892720307016;;54.4;34.433993461752394;418.25;0.0305903946160905;-1.009483022330988;-0.0968695829509534;Груженный движется вперед;95;7530G;240;1826.0;89.0;100.0;808.0;32.0;804.0;31.0;883.5664335664336;47.89160839160839;888.0;45.0;4.0;48.0;848.0;51.0;10.563336805555554;4.2;5.1;7.3;11.9;5.462885821313775;1.6105886221638261;1;6.0;6.0;10.1;10.1;-;0;6.0;10.1;0.0;0;0;-;0.0;0;0;0.0;0.0
41;956.0;17.0;53.7320413;86.8493021;189.0;5.952473421401396;-0.7131741583040736;29.728735632184456;;54.0;18.705666620104413;417.1;0.023452635872336;-0.9972468644845518;-0.1040073416947078;Груженный движется вперед;95;7530G;240;1826.0;89.0;100.0;808.0;32.0;804.0;31.0;883.5104895104895;47.87762237762237;888.0;45.0;4.0;48.0;848.0;51.0;11.14264236111111;3.7;5.6;8.8;10.5;5.6863821024708905;1.816358680113293;1;6.0;6.0;10.1;10.1;-;0;6.0;10.1;0.0;0;0;-;0.0;0;0;0.0;0.0
42;979.0;18.0;53.7322391;86.8492183;188.0;5.012546559305583;-0.3362281857766207;32.131800766284115;;54.0;22.700364861330023;424.075;0.0048434791475477;-0.9997960640358928;-0.0876924645661262;Груженный движется вперед;95;7530G;240;1823.75;90.5;100.0;808.0;32.0;804.0;31.0;883.4265734265734;47.85664335664335;888.0;45.0;4.0;48.0;848.0;51.0;11.731635416666665;4.2;5.0;8.6;10.6;5.941523173351844;1.8922979071893717;1;6.0;6.0;10.1;10.1;-;0;6.0;10.1;0.0;0;0;-;0.0;0;0;0.0;0.0
43;1005.0;18.0;53.7324684;86.8490892;189.0;5.00489432490725;0.15936472501434562;34.48122605364048;;54.0;26.90453364595217;421.5750000000001;0.0061180789232181;-1.0013255837666972;-0.0876924645661262;Груженный движется вперед;95;7530G;240;1825.0;89.0;100.0;808.0;32.0;804.0;31.0;883.3426573426573;47.83566433566433;888.0;45.0;4.0;48.0;848.0;51.0;12.66846875;4.2;4.9;8.4;10.7;6.1561357407974935;2.0131482674355787;1;6.0;6.0;10.1;10.1;-;0;6.0;10.1;0.0;0;0;-;0.0;0;0;0.0;0.0
44;1048.0;13.0;53.7328096;86.848816;188.0;7.485910487112396;0.256896918853823;36.83295019157157;;53.6;42.028213787065496;418.15;-0.0316100744366268;-0.9850107066381156;-0.1294993372081166;Груженный движется вперед;95;7530G;240;1826.0;89.0;100.0;808.0;32.0;804.0;31.0;883.2867132867133;47.82167832167832;888.0;45.0;4.0;48.0;848.0;51.0;13.13307986111111;3.8;4.5;9.3;11.2;6.280841111243541;2.189988435286349;1;6.0;6.0;10.1;10.1;-;0;6.0;10.1;0.0;0;0;-;0.0;0;0;0.0;0.0
45;1062.0;11.0;53.7329141;86.8486901;188.5;6.862270188815747;0.25471897162823454;39.176245210728695;;53.6;14.28516649069148;415.0875;-0.0050983991026817;-0.9997960640358928;-0.1203222188232894;Груженный движется вперед;95;7530G;240;1826.0;88.0;99.75;808.0;32.0;804.0;31.0;883.2027972027972;47.8006993006993;888.0;45.0;4.0;48.0;848.0;51.0;13.709590277777776;4.2;4.3;8.8;11.4;6.314620078403461;2.5428282769716697;1;6.0;6.0;10.1;10.1;-;0;6.0;10.1;0.0;0;0;-;0.0;0;0;0.0;0.0
46;1081.0;12.0;53.7330098;86.848453;188.0;6.98179498750175;0.38924955557867025;41.50038314176322;;53.6;18.901812198740355;414.2;-0.0112164780258998;-1.0074436626899157;-0.1233812582848985;Груженный движется вперед;95;7530G;240;1827.0;87.0;100.0;808.0;32.0;804.0;31.0;883.1188811188811;47.77972027972028;888.0;45.0;4.0;48.0;848.0;51.0;14.284868055555554;4.3;3.6;8.3;11.7;6.32086566323892;2.623587087054908;1;6.0;6.0;10.1;10.1;-;0;6.0;10.1;0.0;0;0;-;0.0;0;0;0.0;0.0
47;1097.0;14.0;53.7330808;86.8482424;188.0;5.973898968926756;0.19470312014030372;43.861302681993145;;53.6;15.962566245636278;418.15;0.0244723156928724;-1.00336494340777;-0.1050270215152442;Груженный движется вперед;95;7530G;240;1826.0;89.0;100.0;808.0;32.0;804.0;31.0;883.0629370629371;47.76573426573427;888.0;45.0;4.0;48.0;848.0;51.0;14.749479166666664;4.2;4.6;7.7;11.7;6.26615093152124;2.790087154154514;1;6.0;6.0;10.1;10.1;-;0;6.0;10.1;0.0;0;0;-;0.0;0;0;0.0;0.0
48;1113.0;15.0;53.733131;86.848011;189.0;5.6290527398634245;0.1151063326725232;46.15785440613112;;53.2;16.23052248767447;417.9;0.0244723156928724;-1.0135617416131335;-0.0999286224125624;Груженный движется вперед;95;7530G;240;1826.0;89.0;99.0;808.0;32.0;804.0;31.0;883.0069930069931;47.75174825174825;888.0;45.0;4.0;48.0;848.0;51.0;15.2138125;4.2;4.9;7.9;11.7;6.166551563831437;3.013802255600604;1;6.0;6.0;10.1;10.1;-;0;6.0;10.1;0.0;0;0;-;0.0;0;0;0.0;0.0
49;1132.0;15.0;53.7331527;86.8477255;190.0;6.170838471726155;-0.22644774306902313;48.491954022989404;;53.2;18.955251123410797;421.5750000000001;-0.0061180789232181;-1.0043846232283062;-0.1085959008871214;Груженный движется вперед;95;7530G;240;1825.0;90.0;100.0;808.0;32.0;804.0;31.0;882.951048951049;47.73776223776224;888.0;45.0;4.0;48.0;848.0;51.0;15.682229166666666;3.8;4.9;9.6;9.8;5.982637963278282;3.136170585084262;1;6.0;6.0;10.1;10.1;-;0;6.0;10.1;0.0;0;0;-;0.0;0;0;0.0;0.0
50;1150.0;14.0;53.7331536;86.8474448;189.0;5.432020270099576;-0.4199516367218657;50.78773946360247;;53.6;18.48487104096425;417.9;0.0025491995513408;-0.9972468644845518;-0.0948302233098807;Груженный движется вперед;95;7530G;240;1826.0;89.0;100.0;808.0;32.0;804.0;31.0;882.8951048951049;47.72377622377623;888.0;45.0;4.0;48.0;848.0;51.0;16.146562499999998;4.2;4.3;8.7;10.9;5.773274070779571;3.109984729140736;1;6.0;6.0;10.1;10.1;-;0;6.0;10.1;0.0;0;0;-;0.0;0;0;0.0;0.0
51;1167.0;13.0;53.7331583;86.8471935;189.0;7.145409621730267;-0.7190999651220328;53.03601532567147;;53.2;16.55682460268372;432.975;-0.0193739165901906;-0.99214846538187;-0.1244009381054349;Груженный движется вперед;95;7530G;240;1822.0;93.0;100.0;808.0;32.0;804.0;31.0;882.8391608391609;47.70979020979021;888.0;45.0;4.0;48.0;848.0;51.0;17.108729166666667;3.8;4.5;9.3;10.2;5.709460750892944;3.050631855492764;1;6.0;6.0;10.1;10.1;-;0;6.0;10.1;0.0;0;0;-;0.0;0;0;0.0;0.0
52;1197.0;13.0;53.7331832;86.846732;188.0;5.960154760199599;-0.9399050951718131;55.22758620689757;;53.2;30.516741469967062;421.375;0.0010196798205363;-0.9962271846640156;-0.1040073416947078;Груженный движется вперед;95;7530G;240;1825.0;90.0;100.0;808.0;32.0;804.0;31.0;882.7832167832167;47.6958041958042;888.0;45.0;4.0;48.0;848.0;51.0;17.576923611111113;4.0;4.3;8.8;10.6;5.684588318750353;3.093329017224275;1;6.0;6.0;10.1;10.1;-;0;6.0;10.1;0.0;0;0;-;0.0;0;0;0.0;0.0
53;1212.0;15.0;53.7331896;86.846508;188.0;6.547128258256029;-1.187757353179231;57.3532567049819;;53.2;14.767986599400924;417.9;-0.0346691138982359;-1.00336494340777;-0.1152238197206077;Груженный движется вперед;95;7530G;240;1826.0;89.0;100.0;808.0;32.0;804.0;31.0;882.7272727272727;47.68181818181819;888.0;45.0;4.0;48.0;848.0;51.0;18.041256944444445;4.2;4.9;9.7;10.0;5.734236822484128;3.064042799936944;1;6.0;6.0;10.1;10.1;-;0;6.0;10.1;0.0;0;0;-;0.0;0;0;0.0;0.0
54;1232.0;17.0;53.7332031;86.8462143;189.0;4.657739684990326;-1.2444570868555949;59.53716475095896;;53.6;19.398953135734946;418.15;-0.020393596410727;-1.0135617416131335;-0.0825940654634444;Груженный движется вперед;95;7530G;240;1826.0;89.0;100.0;808.0;32.0;804.0;31.0;882.6713286713286;47.667832167832174;888.0;45.0;4.0;48.0;848.0;51.0;18.50586805555556;4.2;5.0;10.2;9.7;5.6811722382601735;3.0198829505407856;1;6.0;6.0;10.1;10.1;-;0;6.0;10.1;0.0;0;0;-;0.0;0;0;0.0;0.0
55;1249.0;18.0;53.7332221;86.8459517;189.0;3.924089560838657;-1.2597388114310912;61.681226053641;;53.6;17.421529169461685;429.05;-0.0387478331803813;-0.9952075048434792;-0.0683185479759355;Груженный движется вперед;95;7530G;240;1823.0;91.0;100.0;808.0;32.0;804.0;31.0;882.6153846153846;47.65384615384616;888.0;45.0;4.0;48.0;848.0;51.0;19.340131944444444;4.6;5.1;10.6;9.1;5.603952930649887;3.082783332975932;1;6.0;6.0;10.1;10.1;-;0;6.0;10.1;0.0;0;0;-;0.0;0;0;0.0;0.0
56;1291.0;20.0;53.7332445;86.8453085;189.0;4.937504967827072;-1.436690179326649;63.779310344828765;;54.0;42.42913423251938;433.55;-0.0520036708473539;-0.9901091057407974;-0.0856531049250535;Груженный движется вперед;95;7530G;240;1822.0;93.0;100.0;808.0;32.0;804.0;31.0;882.5594405594405;47.63986013986013;888.0;45.0;4.0;48.0;848.0;51.0;19.821854166666665;4.9;4.6;9.1;10.6;5.500912388091391;3.058642110447604;1;6.0;6.0;10.1;10.1;-;0;6.0;10.1;0.0;0;0;-;0.0;0;0;0.0;0.0
57;1316.0;19.0;53.7332625;86.8449425;189.0;4.694996022471694;-1.5253444919961705;65.82528735632306;;54.0;24.18485292342911;433.475;-0.0142755174875089;-0.9931681452024064;-0.0815743856429081;Груженный движется вперед;95;7530G;240;1822.0;93.0;100.0;808.0;32.0;804.0;31.0;882.5034965034965;47.62587412587412;888.0;45.0;4.0;48.0;848.0;51.0;20.303493055555556;4.5;4.9;9.3;9.8;5.380837037708451;3.0847712999652748;1;6.0;6.0;10.1;10.1;-;0;6.0;10.1;0.0;0;0;-;0.0;0;0;0.0;0.0
58;1335.0;18.0;53.7332725;86.8446453;189.0;4.5978467720541065;-1.720462251211304;67.99233716475221;;54.0;19.602735446050463;429.875;-0.0305903946160905;-0.9758335882532884;-0.078515346181299;Груженный движется вперед;95;7530G;240;1822.0;92.0;100.0;808.0;32.0;804.0;31.0;882.4475524475524;47.611888111888106;888.0;45.0;4.0;48.0;848.0;51.0;20.900541666666665;4.6;5.0;10.0;10.0;5.3112799082772195;3.051917073163845;1;6.0;6.0;10.1;10.1;-;0;6.0;10.1;0.0;0;0;-;0.0;0;0;0.0;0.0
59;1358.0;17.0;53.7332906;86.844305;189.0;5.054786186027614;-1.9067695479440214;70.12030651341125;;54.4;22.499700794403523;437.05;-0.0428265524625267;-1.0135617416131335;-0.0897318242071989;Груженный движется вперед;95;7530G;240;1821.0;94.0;100.0;808.0;32.0;804.0;31.0;882.3916083916084;47.59790209790209;888.0;45.0;4.0;48.0;848.0;51.0;21.38615277777777;4.9;4.3;9.3;10.3;5.241989988971996;3.1004647923923017;1;6.0;6.0;10.1;10.1;-;0;6.0;10.1;0.0;0;0;-;0.0;0;0;0.0;0.0
60;1377.0;17.0;53.7332979;86.8440051;189.0;5.8274237901600445;-2.1067023126995283;72.20766283525037;;54.0;19.76560043930473;437.55;-0.040787192821454;-0.9982665443050882;-0.1019679820536351;Груженный движется вперед;95;7530G;240;1820.0;94.0;100.0;808.0;32.0;804.0;31.0;882.3356643356643;47.58391608391608;888.0;45.0;4.0;48.0;848.0;51.0;21.99386111111111;4.5;4.5;9.3;10.3;5.2271287700900695;3.0518822469764553;1;6.0;6.0;10.1;10.1;-;0;6.0;10.1;0.0;0;0;-;0.0;0;0;0.0;0.0
61;1402.0;15.0;53.7333173;86.8436405;188.0;5.959890725156655;-2.1219362286751524;74.25287356321977;;54.0;24.10641020567172;439.0;-0.0305903946160905;-0.986030386458652;-0.1029876618741715;Груженный движется вперед;95;7530G;240;1820.0;94.0;100.0;808.0;32.0;804.0;31.0;882.2797202797203;47.56993006993007;888.0;45.0;4.0;48.0;848.0;51.0;22.359694444444443;4.3;4.3;9.6;10.0;5.174450322430992;3.1018093236078252;1;6.0;6.0;10.1;10.1;-;0;6.0;10.1;0.0;0;0;-;0.0;0;0;0.0;0.0
62;1416.0;14.0;53.7333226;86.8434154;189.0;6.119438268951244;-1.8961143419670181;76.25440613026962;;54.0;14.834918000626196;441.4;-0.0275313551544814;-0.9697155093300704;-0.1040073416947078;Груженный движется вперед;95;7530G;240;1820.0;94.0;100.0;808.0;32.0;804.0;31.0;882.2237762237762;47.55594405594405;888.0;45.0;4.0;48.0;848.0;51.0;22.85013888888889;4.1;4.7;9.7;10.2;5.103509073396351;-3.1382991675269833;1;6.0;6.0;10.1;10.1;-;0;6.0;10.1;0.0;0;0;-;0.0;0;0;0.0;0.0
63;1433.0;14.0;53.7333221;86.8431589;187.0;6.576281372019136;-1.7860675203445737;78.25670498084435;;53.6;16.89100974867256;440.95;-0.0193739165901906;-0.9992862241256244;-0.1152238197206077;Груженный движется вперед;95;7530G;240;1818.0;95.0;100.0;808.0;32.0;804.0;31.0;882.1678321678321;47.54195804195804;888.0;44.7;4.0;48.0;848.0;51.0;23.34008333333333;4.2;4.7;9.2;11.0;5.024376699751685;-3.0648478206038874;1;6.0;6.0;10.1;10.1;-;0;6.0;10.1;0.0;0;0;-;0.0;0;0;0.0;0.0
64;1451.0;15.0;53.7333099;86.8428907;188.0;4.982263735920184;-1.728371197898871;80.19310344827736;;53.6;17.71352488986698;437.75;-0.0132558376669725;-0.9707351891506067;-0.0846334251045171;Груженный движется вперед;95;7530G;240;1820.0;94.0;100.0;808.0;32.0;804.0;31.0;882.1118881118881;47.52797202797203;888.0;44.3;4.0;48.0;848.0;51.0;23.94806944444444;4.2;5.0;9.3;10.6;4.934910030558911;-3.023589745583169;1;6.0;6.0;10.1;10.1;-;0;6.0;10.1;0.0;0;0;-;0.0;0;0;0.0;0.0
65;1475.0;18.0;53.7332848;86.8425328;188.0;5.108552465034227;-1.6219319534946397;82.06360153256857;;53.6;23.733332420723357;433.8;-0.0336494340776996;-1.01458142143367;-0.0907515040277353;Груженный движется вперед;95;7530G;240;1822.0;92.0;100.0;808.0;32.0;804.0;31.0;882.0559440559441;47.51398601398601;888.0;44.0;4.0;48.0;848.0;51.0;24.67106944444444;4.6;5.0;9.4;10.2;4.967968308277233;-3.138598389378939;1;6.0;6.0;10.1;10.1;-;0;6.0;10.1;0.0;0;0;-;0.0;0;0;0.0;0.0
66;1493.0;21.0;53.7332843;86.8422507;188.0;4.100765245497898;-1.3440083272340644;84.00153256705137;;54.0;18.57681735905226;422.0;-0.0254919955134087;-1.009483022330988;-0.0723972672580809;Груженный движется вперед;95;7530G;240;1825.0;90.0;99.0;808.0;32.0;804.0;31.0;882.0;47.5;888.0;44.0;4.0;48.0;848.0;51.0;25.13995833333333;4.7;5.0;9.1;10.0;4.963351903104322;-3.0928260712967566;1;6.0;6.0;10.1;10.1;-;0;6.0;10.1;0.0;0;0;-;0.0;0;0;0.0;0.0
67;1525.0;22.0;53.7332706;86.8417762;189.0;4.36005529812762;-1.1237877536536287;85.91800766283684;;54.0;31.283782406064848;417.2;-0.0336494340776996;-0.9890894259202612;-0.07545630671969;Груженный движется вперед;95;7530G;240;1826.0;89.0;100.0;808.0;32.0;804.0;31.0;881.9440559440559;47.48601398601399;888.0;44.0;4.0;48.0;848.0;51.0;25.603513888888884;4.7;5.1;9.2;9.8;4.992311844502199;3.0345887059072405;1;6.0;6.0;10.1;10.1;-;0;6.0;10.1;0.0;0;0;-;0.0;0;0;0.0;0.0
68;1552.0;22.0;53.7332966;86.841367;189.0;4.964400670854537;-0.7853625167557732;87.81609195402461;;54.0;27.10146935617916;414.2;-0.0469052717446721;-1.0084633425104517;-0.0876924645661262;Груженный движется вперед;95;7530G;240;1827.0;87.0;100.0;808.0;32.0;804.0;31.0;881.8881118881119;47.47202797202797;888.0;44.0;4.0;48.0;848.0;51.0;26.063736111111105;4.9;5.4;10.0;9.2;4.85656501643259;3.0833904619327273;1;6.0;6.0;10.1;10.1;-;0;6.0;10.1;0.0;0;0;-;0.0;0;0;0.0;0.0
69;1579.0;22.0;53.7333111;86.8409463;189.0;4.073313442308528;-0.5904792850060724;89.63218390804762;;54.0;27.7507365366576;410.0;-0.0050983991026817;-1.0166207810747423;-0.0723972672580809;Груженный движется вперед;95;7530G;240;1828.0;87.0;100.0;808.0;32.0;804.0;31.0;881.8321678321679;47.45804195804196;888.0;44.0;4.0;48.0;848.0;51.0;26.51929166666666;4.9;5.7;8.9;10.3;4.7230381634376375;2.8628672363422645;1;6.0;6.0;10.1;10.1;-;0;6.0;10.1;0.0;0;0;-;0.0;0;0;0.0;0.0
70;1603.0;21.0;53.7333704;86.840596;188.0;3.55027106375959;-0.42289654068395416;91.48045977011662;;54.0;23.993759048666643;409.55;-0.0193739165901906;-1.0023452635872336;-0.0622004690527174;Груженный движется вперед;95;7530G;240;1828.0;87.0;100.0;808.0;32.0;804.0;31.0;881.7762237762238;47.44405594405595;888.0;44.0;4.0;48.0;848.0;51.0;26.974347222222217;4.3;5.2;9.7;10.0;4.640339939723955;2.7971764107355677;1;6.0;6.0;10.1;10.1;-;0;6.0;10.1;0.0;0;0;-;0.0;0;0;0.0;0.0
71;1627.0;21.0;53.7334421;86.8402581;188.0;4.976194350616515;-0.20916983809025536;93.31800766283698;;54.0;23.639450057940984;410.0;-0.0214132762312633;-0.9952075048434792;-0.0866727847455898;Груженный движется вперед;95;7530G;240;1828.0;87.0;100.0;808.0;32.0;804.0;31.0;881.7202797202797;47.43006993006993;888.0;44.0;4.0;48.0;848.0;51.0;27.31601388888888;4.6;5.2;9.2;10.1;4.617606097782077;2.647366958769317;1;6.0;6.0;10.1;10.1;-;0;6.0;10.1;0.0;0;0;-;0.0;0;0;0.0;0.0
72;1650.0;21.0;53.7335411;86.8399475;189.0;4.835105211832519;-0.059640299607881087;95.23984674329678;;54.0;23.23359868867928;410.25;0.0081574385642908;-1.012542061792597;-0.0856531049250535;Груженный движется вперед;95;7530G;240;1828.0;87.0;100.0;808.0;32.0;804.0;31.0;881.6643356643357;47.41608391608392;888.0;44.0;4.0;48.0;848.0;51.0;27.771847222222217;4.7;5.6;9.8;10.3;4.558642633136758;2.6546275433664777;1;6.0;6.0;10.1;10.1;-;0;6.0;10.1;0.0;0;0;-;0.0;0;0;0.0;0.0
73;1675.0;21.0;53.7336449;86.8396161;188.0;4.317036968920531;-0.2159362635727694;97.21072796935047;;54.0;24.69347130353988;411.525;0.023452635872336;-0.9992862241256244;-0.07545630671969;Груженный движется вперед;95;7530G;240;1827.0;88.0;100.0;808.0;32.0;804.0;31.0;881.6083916083916;47.40209790209791;888.0;44.0;4.0;48.0;848.0;51.0;28.343409722222216;4.3;5.6;8.7;10.6;4.279854576320739;2.537188249494543;1;6.0;6.0;10.1;10.1;-;0;6.0;10.1;0.0;0;0;-;0.0;0;0;0.0;0.0
74;1698.0;20.0;53.7337637;86.8393253;189.0;4.080038218474165;-0.34508643968660974;99.06053639846927;;53.6;23.272335031664102;418.25;0.0265116753339451;-1.0003059039461608;-0.0713775874375446;Груженный движется вперед;95;7530G;240;1826.0;89.0;100.0;808.0;32.0;804.0;31.0;881.5524475524476;47.38811188811189;888.0;44.0;4.0;48.0;848.0;51.0;28.80813194444444;4.3;5.5;8.4;11.0;4.1484699291777165;2.336116124610653;1;6.0;6.0;10.1;10.1;-;0;6.0;10.1;0.0;0;0;-;0.0;0;0;0.0;0.0
75;1722.0;20.0;53.7339198;86.8390718;189.0;3.8820789124573083;-0.2300012547289254;100.97624521072984;;53.6;24.09628387419437;413.525;-0.0265116753339451;-1.006423982869379;-0.0683185479759355;Груженный движется вперед;95;7530G;240;1826.0;88.0;100.0;808.0;32.0;804.0;31.0;881.4965034965035;47.37412587412588;888.0;44.0;4.0;48.0;848.0;51.0;29.267604166666658;4.5;5.2;9.3;10.0;4.043963912455027;2.2922851429193463;1;6.0;6.0;10.1;10.1;-;0;6.0;10.1;0.0;0;0;-;0.0;0;0;0.0;0.0
76;1744.0;18.0;53.7340639;86.8388575;189.0;4.564646950260208;-0.3196406218046378;102.88122605364175;;53.6;21.365125180802718;431.45;-0.0091771183848271;-1.0217191801774244;-0.0815743856429081;Груженный движется вперед;95;7530G;240;1822.0;92.0;100.0;808.0;32.0;804.0;31.0;881.4405594405595;47.36013986013987;888.0;44.0;4.0;48.0;848.0;51.0;29.746993055555546;4.6;5.2;9.8;9.8;3.8937861741827664;2.611884421349176;1;6.0;6.0;10.1;10.1;-;0;6.0;10.1;0.0;0;0;-;0.0;0;0;0.0;0.0
77;1764.0;18.0;53.7341561;86.8385913;187.0;4.041452166138736;-0.37270803126214536;104.74636015325864;;53.6;20.31315621788361;426.125;0.0346691138982359;-0.9952075048434792;-0.0703579076170082;Груженный движется вперед;95;7530G;240;1824.0;91.0;99.0;808.0;32.0;804.0;31.0;881.3846153846154;47.34615384615384;888.0;44.0;4.0;48.0;848.0;51.0;30.102097222222213;4.9;5.1;8.6;11.6;3.723847601480346;2.9673443194952487;1;6.0;6.0;10.1;10.1;-;0;6.0;10.1;0.0;0;0;-;0.0;0;0;0.0;0.0
78;1786.0;20.0;53.7341899;86.8382667;188.0;3.662716237298021;-0.39734469349223545;106.47279693486787;;53.6;21.70362132002628;437.875;0.0183542367696543;-1.00336494340777;-0.0642398286937901;Груженный движется вперед;95;7530G;240;1821.0;94.0;100.0;808.0;32.0;804.0;31.0;881.3286713286714;47.33216783216783;888.0;44.0;4.0;48.0;848.0;51.0;30.58862499999999;5.4;5.6;8.8;11.5;3.5163119035662427;3.121969036163793;1;6.0;6.0;10.1;10.1;-;0;6.0;10.1;0.0;0;0;-;0.0;0;0;0.0;0.0
79;1812.0;24.0;53.7341946;86.8378618;188.0;3.2819719673104633;-0.6830750664883773;108.18544061302882;;54.0;26.667866728139916;427.375;-0.0020393596410727;-1.0135617416131335;-0.058121749770572;Груженный движется вперед;95;7530G;240;1823.0;91.0;100.0;808.0;32.0;804.0;31.0;881.2727272727273;47.31818181818181;888.0;44.0;4.0;48.0;848.0;51.0;31.0634861111111;5.1;5.5;8.8;11.1;3.311016121537189;3.085003039518271;1;6.0;6.0;10.1;10.1;-;0;6.0;10.1;0.0;0;0;-;0.0;0;0;0.0;0.0
80;1845.0;27.0;53.7342112;86.8373664;188.0;3.30582207850512;-0.8778855082763632;109.78544061302884;;54.0;32.67446344495739;421.9;-0.0163148771285816;-1.023758539818497;-0.0591414295911083;Груженный движется вперед;95;7530G;240;1825.0;90.0;100.0;808.0;32.0;804.0;31.0;881.2167832167833;47.3041958041958;888.0;44.0;4.0;48.0;848.0;51.0;31.53226388888888;5.6;6.0;10.6;11.6;3.1857811335165955;3.0827570116646887;1;6.0;6.0;10.1;10.1;-;0;6.0;10.1;0.0;0;0;-;0.0;0;0;0.0;0.0
81;1879.0;27.0;53.7342293;86.8368469;191.0;4.434519123602996;-1.2251102141980494;111.48965517241585;;54.4;34.26842819889976;419.475;-0.0469052717446721;-0.9850107066381156;-0.0764759865402263;Груженный движется вперед;95;7530G;240;1825.0;89.0;99.0;808.0;32.0;804.0;31.0;881.1608391608391;47.290209790209786;888.0;44.0;4.0;48.0;848.0;51.0;32.11486805555555;5.7;6.3;10.0;10.6;3.01328956225623;2.974194494200586;1;6.0;6.0;10.1;10.1;-;0;6.0;10.1;0.0;0;0;-;0.0;0;0;0.0;0.0
82;1909.0;27.0;53.7342735;86.8364047;188.5;3.2735097238287483;-1.5340903846633203;113.20689655172625;;54.4;29.531694070614;312.225;-0.0346691138982359;-1.006678902824513;-0.0576119098603038;Груженный движется вперед;95;7530G;240;1677.25;74.5;77.5;808.0;32.0;804.0;31.0;881.0769230769231;47.26923076923077;888.0;44.0;4.0;48.0;848.0;51.0;32.548513888888884;5.6;7.3;10.9;10.1;2.7758038854360203;2.7713624394956655;1;6.0;6.0;10.1;10.1;-;0;6.0;10.1;0.0;0;0;-;0.0;0;0;0.0;0.0
83;1946.0;26.0;53.734393;86.8358842;188.0;2.757596324014207;-1.6618259998986789;114.8697318007684;;54.4;36.76596142074873;414.0;-0.0601611094116447;-0.9931681452024064;-0.0479249515652085;Груженный движется вперед;95;7530G;240;1827.0;88.0;100.0;808.0;32.0;804.0;31.0;880.9930069930069;47.24825174825175;888.0;44.0;4.0;48.0;848.0;51.0;33.12351388888889;5.7;5.7;11.5;8.3;2.5351217211590167;2.4559179171990655;1;6.0;6.0;10.1;10.1;-;0;6.0;10.1;0.0;0;0;-;0.0;0;0;26.0;0.0
84;1991.0;27.0;53.7346518;86.8353494;186.0;0.5184295213206704;-1.9817068557508803;116.52490421456153;;54.8;45.49954837839612;245.375;-0.058121749770572;-1.012542061792597;-0.0091771183848271;Груженный движется вперед;95;7530G;240;1354.0;73.0;99.0;808.0;32.0;804.0;31.0;880.9370629370629;47.23426573426573;888.0;44.0;4.0;48.0;848.0;51.0;33.4643125;6.5;6.6;11.6;9.3;2.153251147999006;2.287676909837111;1;6.0;6.0;10.1;10.1;-;0;6.0;10.1;0.0;0;0;-;0.0;0;0;0.0;0.0
85;2031.0;28.0;53.7349209;86.8349529;186.0;-0.395281329626838;-2.404654681968413;118.04291187739682;;55.2;39.73774471860134;208.775;-0.0744366268991536;-1.0319159783827878;0.0071377587437544;Груженный движется вперед;95;7530G;240;1402.0;60.0;84.5;808.0;32.0;804.0;31.0;880.8811188811189;47.22027972027972;888.0;44.0;4.0;48.0;848.0;51.0;33.75427777777777;7.3;5.5;11.0;11.5;1.8878040075051938;2.326595887864875;1;6.0;6.0;10.1;10.1;-;0;6.0;10.1;0.0;0;0;-;0.0;0;0;0.0;0.0
86;2073.0;32.0;53.7351973;86.8345125;189.0;3.199177526480643;-2.676126547694084;119.42758620689875;;55.2;42.28161270197972;342.85;0.0010196798205363;-1.00336494340777;-0.0560823901294993;Груженный движется вперед;95;7530G;240;1732.0;83.0;85.5;808.0;32.0;804.0;31.0;880.8251748251748;47.20629370629371;888.0;44.0;4.0;48.0;848.0;51.0;34.32569444444444;4.9;6.8;10.1;10.5;1.608245362197249;2.3355793208476143;1;6.0;6.0;10.1;10.1;-;0;6.0;10.1;0.0;0;0;-;0.0;0;0;0.0;0.0
87;2121.0;31.0;53.7355097;86.8340057;187.0;1.149172561739629;-2.7494500424570205;120.7034482758643;;55.6;48.19867539876255;121.55;-0.0081574385642908;-1.0166207810747423;-0.020393596410727;Груженный движется вперед;95;7530G;240;970.0;50.0;100.0;808.0;32.0;804.0;31.0;880.7692307692307;47.19230769230769;888.0;44.0;4.0;48.0;848.0;51.0;34.46074999999999;6.1;6.9;9.8;10.1;1.4389413297246696;2.2653089483036206;1;6.0;6.0;10.1;10.1;-;0;6.0;10.1;0.0;0;0;-;0.0;0;0;0.0;0.0
88;2157.0;32.0;53.7357542;86.8336614;189.0;0.3734604708372287;-2.7010063035353467;121.94099616858463;;56.0;35.42340653942389;360.00000000000006;-0.0933007035790761;-1.012542061792597;-0.0066279188334862;Груженный движется вперед;95;7530G;240;1653.0;89.0;99.5;808.0;32.0;804.0;31.0;880.6853146853148;47.17132867132867;888.0;44.0;4.0;48.0;848.0;51.0;34.96074999999999;8.3;6.8;11.9;9.7;1.2329260940721436;1.9855403661605644;1;8.7;6.0;10.1;10.1;point_30%;6;6.0;10.1;0.0;0;0;-;0.0;0;0;0.0;0.0
89;2201.0;31.0;53.7361211;86.8333883;187.0;1.1117394396903282;-3.032185869123544;123.09961685823984;;56.4;44.627379232741845;390.65;-0.0469052717446721;-0.9972468644845518;-0.0193739165901906;Груженный движется вперед;95;7530G;240;1669.5;97.0;98.0;808.0;32.0;804.0;31.0;880.6013986013986;47.15034965034965;888.0;44.0;4.0;48.0;848.0;51.0;35.50331944444444;6.6;6.0;10.9;9.6;1.2042579954521968;1.7660052005348064;0;6.0;6.0;10.1;10.1;-;0;6.0;10.1;0.0;0;0;-;0.0;0;0;0.0;0.0
90;2249.0;33.0;53.7365432;86.8332472;187.0;2.2884803996426886;-3.600807182979512;124.27662835249271;;57.2;47.89848953801464;343.95000000000005;-0.0622004690527174;-0.9931681452024064;-0.0397675130009177;Груженный движется вперед;95;7530G;240;1686.5;87.0;93.5;808.0;32.0;804.0;31.0;880.5454545454545;47.13636363636364;888.0;44.0;4.0;48.0;848.0;51.0;36.1721111111111;6.3;6.6;10.9;9.1;1.1337876735842203;1.7051691724333926;0;6.0;6.0;10.1;10.1;-;0;6.0;10.1;0.0;0;0;-;0.0;0;0;0.0;0.0
91;2324.0;33.0;53.73721;86.8330948;186.0;1.757452139739567;-3.74859288147374;125.43908045977244;;57.2;74.90432576672094;250.3;-0.0836137452839808;-1.026817579280106;-0.0316100744366268;Груженный движется вперед;95;7530G;240;1472.5;71.0;100.0;808.0;32.0;804.0;31.0;880.4895104895105;47.12237762237763;888.0;44.0;4.0;48.0;848.0;51.0;36.51974999999999;6.4;6.1;11.1;8.8;0.9313504410337037;1.6797069594167358;0;6.0;6.0;10.1;10.1;-;0;6.0;10.1;0.0;0;0;-;0.0;0;0;0.0;0.0
92;2365.0;36.0;53.7375773;86.8330269;188.0;2.005635532213114;-3.7209850271050984;126.48582375479161;;57.6;41.132046833974975;380.85;-0.0305903946160905;-1.0186601407158151;-0.0356887937187723;Груженный движется вперед;95;7530G;240;1832.0;79.0;100.0;808.0;32.0;804.0;31.0;880.4335664335664;47.108391608391614;888.0;44.0;4.0;48.0;848.0;51.0;37.36608333333332;6.0;5.6;9.3;10.0;0.9825341897041975;1.6045312456142007;0;6.0;6.0;10.1;10.1;-;0;6.0;10.1;0.0;0;0;-;0.0;0;0;0.0;0.0
93;2454.0;37.0;53.7383765;86.8329813;188.0;-0.8112522808987251;-3.6336137283911345;127.54099616858474;;57.2;89.01869328673459;56.025000000000006;-0.0591414295911083;-1.006423982869379;0.0142755174875089;Груженный движется вперед;95;7530G;240;1274.0;20.0;33.0;808.0;32.0;804.0;31.0;880.3776223776224;47.0944055944056;888.0;44.0;4.0;48.0;848.0;51.0;37.42833333333332;7.1;6.3;10.0;9.7;1.039583974409752;1.5580408137341852;0;6.0;6.0;10.1;10.1;-;0;6.0;10.1;0.0;0;0;-;0.0;0;0;0.0;0.0
94;2495.0;34.0;53.7387428;86.8329892;188.0;-0.5790949413659039;-3.4486154249509866;128.64444444444683;;57.2;40.78033746424326;87.0875;-0.0275313551544814;-1.0084633425104517;0.0101967982053635;Груженный движется вперед;95;7530G;240;1227.0;34.5;66.5;808.0;32.0;804.0;31.0;880.3216783216783;47.08041958041959;888.0;44.0;4.0;48.0;848.0;51.0;37.50090624999999;6.5;6.5;9.7;10.0;1.066525565921021;1.4702653158349417;0;6.0;6.0;10.1;10.1;-;0;6.0;10.1;0.0;0;0;-;0.0;0;0;0.0;0.0
95;2533.0;33.0;53.7390823;86.8330471;188.0;0.924973390558996;-3.4182829553072622;129.77394636015566;;57.6;37.98539641721253;118.15;-0.0642398286937901;-1.0084633425104517;-0.0163148771285816;Груженный движется вперед;95;7530G;240;965.0;49.0;100.0;808.0;32.0;804.0;31.0;880.2657342657343;47.06643356643356;888.0;44.0;4.0;48.0;848.0;51.0;37.63218402777776;6.3;6.3;10.0;9.3;1.3744772621457577;1.4461613618625753;0;6.0;6.0;10.1;10.1;-;0;6.0;10.1;0.0;0;0;-;0.0;0;0;0.0;0.0
96;2570.0;34.0;53.7394071;86.8331159;187.0;-0.0;-3.5638143991518767;131.00383141762694;;57.2;36.439844839820935;130.275;-0.0999286224125624;-1.0196798205363515;0.0;Груженный движется вперед;95;7530G;240;1022.0;51.0;100.0;808.0;32.0;804.0;31.0;880.2097902097902;47.052447552447546;888.0;44.0;4.0;48.0;848.0;51.0;37.77693402777776;7.5;6.0;12.5;10.7;1.5586402631557017;1.2246720134508193;0;6.0;6.0;10.1;10.1;-;0;6.0;10.1;0.0;0;0;-;0.0;0;0;0.0;0.0
97;2608.0;34.0;53.7397351;86.8333159;188.0;1.9285657691032003;-3.49479772466375;132.23678160919786;;56.8;38.81539135605868;348.75;-0.0642398286937901;-0.9972468644845518;-0.0336494340776996;Груженный движется вперед;95;7530G;240;1653.5;88.0;99.0;808.0;32.0;804.0;31.0;880.1538461538462;47.03846153846153;888.0;44.0;4.0;48.0;848.0;51.0;38.164434027777766;6.1;6.1;10.3;9.3;1.4501761249340792;1.0710132011346554;0;6.0;6.0;10.1;10.1;-;0;6.0;10.1;0.0;0;0;-;0.0;0;0;0.0;0.0
98;2651.0;35.0;53.7400684;86.8336236;188.0;1.7666165682544261;-3.4919159807635998;133.40229885057718;;56.4;42.27415792657551;434.375;-0.0367084735393086;-0.9911287855613338;-0.0305903946160905;Груженный движется вперед;95;7530G;240;1821.0;94.5;100.0;808.0;32.0;804.0;31.0;880.0979020979021;47.02447552447552;888.0;44.0;4.0;48.0;848.0;51.0;38.8883923611111;5.7;5.7;10.5;9.7;1.1437646541141966;1.0096333104017328;0;6.0;6.0;10.1;10.1;-;0;6.0;10.1;0.0;0;0;-;0.0;0;0;0.0;0.0
99;2704.0;39.0;53.7404762;86.834057;188.0;2.8474085052058715;-3.3474626877763956;134.32183908046224;;56.4;53.62033188833031;372.6;-0.0489446313857448;-1.00336494340777;-0.0499643112062812;Груженный движется вперед;95;7530G;240;1837.0;77.0;100.0;808.0;32.0;804.0;31.0;880.0419580419581;47.01048951048951;888.0;44.0;4.0;48.0;848.0;51.0;39.3023923611111;5.4;6.3;11.1;8.9;0.7007502186108714;0.7594174594951214;0;6.0;6.0;10.1;10.1;-;0;6.0;10.1;0.0;0;0;-;0.0;0;0;0.0;0.0
100;2752.0;41.0;53.7407712;86.8345824;188.0;1.16574049835809;-2.8842658097652243;134.92950191571128;;56.0;47.69786133270208;301.82500000000005;-0.0887121443866625;-0.9982665443050882;-0.020393596410727;Груженный движется вперед;95;7530G;240;1455.0;85.0;100.0;808.0;32.0;804.0;31.0;880.0;47.0;888.0;44.0;4.0;48.0;848.0;51.0;39.637753472222215;6.9;6.5;10.7;9.3;0.3691741077104945;0.7561170805287944;0;6.0;6.0;10.1;10.1;-;0;6.0;10.1;0.0;0;0;-;0.0;0;0;0.0;0.0
101;2799.0;41.0;53.7410618;86.8351034;188.0;2.2032916572119707;-2.146355734665506;135.33256704981096;;56.0;47.15061022376423;234.375;-0.1254206179259712;-0.9992862241256244;-0.0387478331803813;Груженный движется вперед;95;7530G;240;1462.0;72.5;77.0;808.0;32.0;804.0;31.0;880.0;47.0;888.0;44.0;4.0;48.0;848.0;51.0;39.89817013888888;7.0;6.3;11.0;9.8;0.1542726210305495;0.6006070935168423;0;6.0;6.0;10.1;10.1;-;0;6.0;10.1;0.0;0;0;-;0.0;0;0;0.0;0.0
102;2847.0;39.0;53.7413059;86.8357059;188.0;-0.9355120866415935;-1.6702627908384367;135.59233716475347;;56.0;48.0828667322592;214.6;-0.061180789232181;-0.9972468644845518;0.0163148771285816;Груженный движется вперед;95;7530G;240;1299.5;66.75;88.25;808.0;32.0;804.0;31.0;880.0;47.0;888.0;44.0;4.0;48.0;848.0;51.0;40.07700347222221;6.3;6.9;10.9;9.4;-0.11592977075829444;0.5856265874726233;0;6.0;6.0;10.1;10.1;-;0;6.0;10.1;0.0;0;0;-;0.0;0;0;0.0;0.0
103;2891.0;35.0;53.7415207;86.8362535;187.0;0.6279903983415794;-1.1048250016206893;135.6160919540255;;56.0;43.262227347306265;194.825;0.0571020699500356;-1.0217191801774244;-0.0112164780258998;Груженный движется вперед;95;7530G;240;1319.0;61.0;99.5;808.0;32.0;804.0;31.0;880.0;47.0;888.0;44.0;4.0;48.0;848.0;51.0;40.29347569444443;5.7;7.4;8.7;11.6;-0.12002221827710646;0.8182097627206715;0;6.0;6.0;10.1;10.1;-;0;6.0;10.1;0.0;0;0;-;0.0;0;0;0.0;0.0
104;2931.0;33.0;53.741784;86.8366704;185.0;3.546172363552667;-0.3255939256893569;135.62528735632435;;55.6;40.15627110061752;375.875;0.0193739165901906;-0.9870500662791885;-0.061180789232181;Груженный движется вперед;95;7530G;240;1808.0;77.5;100.0;808.0;32.0;804.0;31.0;880.0;47.0;888.0;44.0;4.0;48.0;848.0;51.0;40.71111458333332;6.5;7.0;8.8;12.1;0.01772901401535013;1.1444238202727615;0;6.0;6.0;10.1;10.1;-;0;6.0;10.1;0.0;0;0;-;0.0;0;0;0.0;0.0
105;2971.0;37.0;53.7421151;86.8369247;188.0;-0.6184634217380133;0.28151429148007356;135.73180076628603;;55.6;40.48289129775359;210.9625;-0.0071377587437544;-1.0390537371265425;0.0112164780258998;Груженный движется вперед;95;7530G;240;1495.5;46.75;63.0;808.0;32.0;804.0;31.0;880.0;47.0;888.0;44.0;4.0;48.0;848.0;51.0;41.00411805555554;6.4;7.5;8.7;11.0;0.22970743985744402;1.2761316688033186;0;6.0;6.0;10.1;10.1;-;0;6.0;10.1;0.0;0;0;-;0.0;0;0;0.0;0.0
106;3014.0;35.0;53.7424832;86.8371136;187.0;-1.2991525266219088;0.5217933351543096;135.87432950191823;;56.0;42.82310866559708;46.05;-0.0132558376669725;-0.9890894259202612;0.0224329560517997;Груженный движется вперед;95;7530G;240;1297.0;16.0;26.0;808.0;32.0;804.0;31.0;880.0;47.0;888.0;44.0;4.0;48.0;848.0;51.0;41.05528472222221;6.6;7.0;10.0;9.6;0.37514669358955965;1.357635623792311;0;6.0;6.0;10.1;10.1;-;0;6.0;10.1;0.0;0;0;-;0.0;0;0;0.0;0.0
107;3055.0;32.0;53.7428466;86.8372466;186.0;-0.9356811619477393;0.7091523775193689;136.06283524904464;;56.4;41.390992231170245;41.8;-0.0367084735393086;-0.9982665443050882;0.0163148771285816;Груженный движется вперед;95;7530G;240;1300.5;15.0;24.0;808.0;32.0;804.0;31.0;880.0;47.0;888.0;44.0;4.0;48.0;848.0;51.0;41.10172916666666;6.6;6.9;9.3;10.9;0.019676522090409154;1.4642748694562453;0;6.0;6.0;10.1;10.1;-;0;6.0;10.1;0.0;0;0;-;0.0;0;0;0.0;0.0
108;3090.0;28.0;53.7431591;86.8373031;186.0;-5.42132661711799;1.0472686090597367;136.0865900383167;;56.8;34.98623505543985;44.625;-0.0061180789232181;-1.020699500356888;0.0968695829509534;Груженный движется вперед;95;7530G;240;1299.0;16.0;25.0;808.0;32.0;804.0;31.0;880.0;47.0;888.0;44.0;4.0;48.0;848.0;51.0;41.15131249999999;7.3;8.4;9.8;10.2;-0.3796390611877358;1.5789937998811023;0;6.0;8.7;10.1;10.1;point_30%;7;6.0;10.1;0.0;0;0;-;0.0;0;0;0.0;0.0
109;3118.0;22.0;53.7434116;86.8372996;185.0;-5.6047711120885415;1.1036884229569293;135.98390804597952;;56.8;28.109591839315684;42.225;0.0978892627714897;-1.0135617416131335;0.0999286224125624;Груженный движется вперед;95;7530G;240;1305.0;15.0;24.0;808.0;32.0;804.0;31.0;880.0;47.0;888.0;44.0;4.0;48.0;848.0;51.0;41.19822916666666;6.4;9.6;7.8;11.9;-0.627371125695434;2.0120302093210336;0;6.0;8.7;10.1;10.1;point_30%;7;6.0;10.1;22.0;1;0;[53.743417587710304, 86.8369470855299];23.217533301789093;0;0;0.0;0.0
110;3140.0;14.0;53.7435824;86.8371632;182.0;-1.4896518078573382;1.0475377073772658;135.8137931034508;;56.8;21.027610232986216;102.13750000000002;0.040787192821454;-1.0186601407158151;0.0265116753339451;Груженный движется вперед;95;7530G;240;1249.0;35.5;61.99999999999999;808.0;32.0;804.0;31.0;880.0;47.0;888.0;44.0;4.0;48.0;848.0;51.0;41.311715277777765;6.0;10.3;6.0;15.3;-0.8438709375558122;2.9684212853387555;0;6.0;8.7;10.1;14.645;point_30%;7;6.0;10.1;22.0;1;0;-;0.0;0;0;0.0;0.0
111;3161.0;15.0;53.743616;86.8368384;184.0;-0.17131813735850285;0.9660289279541807;135.524137931037;;56.4;21.708020826202937;162.05;0.0948302233098807;-1.0186601407158151;0.003059039461609;Груженный движется вперед;95;7530G;240;1182.0;56.0;100.0;808.0;32.0;804.0;31.0;880.0;47.0;888.0;44.0;4.0;48.0;848.0;51.0;41.44675694444443;4.3;8.8;8.3;13.5;-1.1228466327904187;-2.4052762510174506;0;6.0;8.7;10.1;14.645;point_30%;7;6.0;10.1;22.0;1;0;-;0.0;0;0;0.0;0.0
112;3181.0;16.0;53.7434977;86.8366177;185.0;1.3433033401598407;0.8573942604695677;135.17547892720557;;55.6;19.60991565754637;358.9;0.061180789232181;-0.9982665443050882;-0.023452635872336;Груженный движется вперед;95;7530G;240;1565.0;95.0;100.0;808.0;32.0;804.0;31.0;880.0;47.0;888.0;44.0;4.0;48.0;848.0;51.0;41.84553472222221;4.7;8.6;8.3;14.4;-1.2794413554010684;-2.040446776627809;0;6.0;8.7;10.1;14.645;point_30%;7;6.0;10.1;0.0;0;0;-;0.0;0;0;0.0;0.0
113;3203.0;21.0;53.7433172;86.8364628;187.0;4.21232981055967;0.7551363598723776;134.85057471264616;;55.2;22.533250162015328;249.95;0.0632201488732537;-0.9809319873559702;-0.0723972672580809;Груженный движется вперед;95;7530G;240;1667.0;63.0;62.5;808.0;32.0;804.0;31.0;880.0;47.0;888.0;44.0;4.0;48.0;848.0;51.0;42.26211805555555;4.9;7.9;8.8;13.9;-1.3709263950448498;-1.9856470443035112;0;6.0;8.7;10.1;14.645;point_30%;7;6.0;10.1;0.0;0;0;-;0.0;0;0;0.0;0.0
114;3240.0;26.0;53.7430164;86.8362388;186.0;1.6577908781745834;0.3609626362833603;134.58927203065383;;54.8;36.589058610795085;412.475;-0.003059039461609;-1.0217191801774244;-0.0295707147955541;Груженный движется вперед;95;7530G;240;1729.0;98.0;100.0;808.0;32.0;804.0;31.0;880.0;47.0;888.0;44.0;4.0;48.0;848.0;51.0;42.7204236111111;5.9;7.8;10.9;11.0;-1.4999425570434224;-1.9630066663705654;0;6.0;8.7;10.1;10.1;point_30%;7;6.0;10.1;0.0;0;0;-;0.0;0;0;0.0;0.0
115;3271.0;29.0;53.7427609;86.8360601;188.0;2.602445678180435;-0.09850569197809161;134.3678160919565;;54.8;30.77981733315183;175.775;-0.0101967982053635;-1.0767818904863873;-0.0489446313857448;Груженный движется вперед;95;7530G;240;1692.0;41.0;46.5;808.0;32.0;804.0;31.0;880.0;47.0;888.0;44.0;4.0;48.0;848.0;51.0;42.91572916666666;6.1;7.3;10.3;12.6;-1.5227071961507566;-1.9807957629461765;0;6.0;8.7;10.1;10.1;point_30%;7;6.0;10.1;0.0;0;0;-;0.0;0;0;0.0;0.0
116;3306.0;29.0;53.7424712;86.8358472;189.0;-1.24657374697473;-0.585494082648146;134.27662835249288;;54.8;35.16414942287289;159.75;-0.0061180789232181;-1.0308962985622514;0.0224329560517997;Груженный движется вперед;95;7530G;240;1163.0;55.0;99.5;808.0;32.0;804.0;31.0;880.0;47.0;888.0;44.0;4.0;48.0;848.0;51.0;43.22635416666666;6.6;8.2;10.5;11.2;-1.6554626904589906;-1.9413899384218811;0;6.0;8.7;10.1;10.1;point_30%;7;6.0;10.1;0.0;0;0;-;0.0;0;0;0.0;0.0
117;3368.0;21.0;53.7419488;86.835504;189.0;-3.078254798838343;-0.9998114020151536;134.34376657824933;;56.4;62.38971232992008;45.55;-0.1040073416947078;-0.8850820842255531;0.0479249515652085;Груженный движется вперед;95;7530G;240;1297.0;16.0;26.0;808.0;32.0;804.0;31.0;880.0;47.0;888.0;44.0;4.0;48.0;848.0;51.0;43.27696527777777;9.1;9.1;14.4;7.9;-1.6987863978937103;-2.5466570952094267;0;8.7;8.7;14.645;10.1;point_30%;7;6.0;10.1;0.0;0;0;-;0.0;0;0;0.0;0.0
118;3389.0;15.0;53.7418463;86.8352479;180.0;-6.031374511379312;-1.4094273053310493;134.42266290542153;;57.400000000000006;20.359177396588528;57.0875;-0.1437748546956255;-1.0079535026001836;0.107576221066585;Груженный движется вперед;95;7530G;240;1298.0;19.5;32.5;808.0;32.0;804.0;31.0;880.0;47.0;888.0;44.0;4.0;48.0;848.0;51.0;43.35625347222221;10.7;8.8;11.1;11.6;-1.699785055426702;2.6160162835678555;0;8.7;8.7;10.1;10.1;point_30%;7;6.0;10.1;0.0;0;0;-;0.0;0;0;0.0;0.0
119;3407.0;8.0;53.7419313;86.8350001;177.0;-6.101207907440089;-1.8043071384562595;134.50367002091141;;57.6;18.860126218345965;180.35;-0.0071377587437544;-1.020699500356888;0.1091057407973896;Груженный движется вперед;95;7530G;240;1272.0;57.0;99.0;808.0;32.0;804.0;31.0;880.0;47.0;888.0;44.0;4.0;48.0;848.0;51.0;43.60673958333332;8.9;9.2;9.4;10.0;-1.6525232959228529;1.0367072751069508;0;8.7;8.7;10.1;10.1;point_30%;7;6.0;10.1;0.0;0;0;-;0.0;0;0;0.0;0.0
120;3409.0;1.0;53.7419408;86.8350096;182.0;-0.8173559331709797;-2.17441624725121;134.5771406116234;;57.6;1.2286661102190983;146.45;-0.0254919955134087;-1.0003059039461608;0.0142755174875089;Груженный движется назад;95;7530G;240;949.5;52.5;99.5;808.0;32.0;804.0;31.0;880.0;47.0;888.0;44.0;4.0;48.0;848.0;51.0;43.64742013888888;7.7;7.5;9.3;10.7;-1.5510657522470788;2.999270012674579;0;6.0;6.0;10.1;10.1;point_30%;7;6.0;10.1;0.0;0;0;-;0.0;0;0;0.0;0.0
121;3410.0;2.0;53.7419428;86.834986;184.0;0.056806547442675645;-2.5097199775763253;134.6334273644619;;57.2;1.569647815633287;112.55;-0.058121749770572;-1.026817579280106;-0.0010196798205363;Груженный движется назад;95;7530G;240;896.0;48.0;100.0;808.0;32.0;804.0;31.0;880.0;47.0;888.0;44.0;4.0;48.0;848.0;51.0;43.67868402777776;6.6;6.4;9.8;10.5;-1.3894770572642974;0.07556515453408497;0;6.0;6.0;10.1;10.1;point_30%;7;6.0;10.1;0.0;0;0;-;0.0;0;0;0.0;0.0
122;3412.0;1.0;53.741944;86.8350128;186.0;-0.9986920696531297;-2.800183675292039;134.66288296633132;;57.2;1.7695087100868216;136.275;-0.020393596410727;-0.9941878250229428;0.0173345569491179;Груженный стоит;95;7530G;240;1069.0;51.0;100.0;808.0;32.0;804.0;31.0;880.0;47.0;888.0;44.0;4.0;48.0;848.0;51.0;43.867954861111095;6.9;7.0;9.6;10.6;-1.1618218438394226;-0.4554452244853331;0;6.0;6.0;10.1;10.1;point_30%;7;6.0;10.1;0.0;0;0;-;0.0;0;0;0.0;0.0
123;3415.0;5.0;53.7419325;86.8350525;192.0;-2.692682592492458;-3.0357726862587686;134.65586010413608;;57.2;2.9104458083561093;237.85;-0.0469052717446721;-0.9962271846640156;0.0469052717446721;Груженный стоит;95;7530G;240;1357.0;71.0;90.0;808.0;32.0;804.0;31.0;880.0;47.0;888.0;44.0;4.0;48.0;848.0;51.0;44.13223263888887;6.4;8.0;10.1;9.7;-0.8621647448373729;-0.22725555868013014;0;6.0;8.7;10.1;10.1;point_30%;7;6.0;10.1;0.0;0;0;-;0.0;0;0;0.0;0.0
124;3423.0;5.0;53.7419171;86.8351651;195.0;0.7003329500342119;-3.206452356336948;134.60271146478055;;56.8;7.609006154973319;128.7;-0.037728153359845;-1.0003059039461608;-0.0122361578464362;Груженный движется назад;95;7530G;240;991.0;51.0;100.0;808.0;32.0;804.0;31.0;880.0;47.0;888.0;44.0;4.0;48.0;848.0;51.0;44.23948263888887;5.1;7.5;10.7;9.2;-0.48457039312306177;-0.7196819906449794;0;6.0;6.0;10.1;10.1;point_30%;7;6.0;10.1;0.0;0;0;-;0.0;0;0;0.0;0.0
125;3430.0;3.0;53.7418734;86.8352494;195.0;-0.5228821476275365;-3.3021880313869993;134.4937897351692;;56.4;7.380374141836642;164.425;-0.0183542367696543;-1.0054043030488429;0.0091771183848271;Груженный движется назад;95;7530G;240;1185.0;56.0;100.0;808.0;32.0;804.0;31.0;880.0;47.0;888.0;44.0;4.0;48.0;848.0;51.0;44.46785069444443;6.0;7.5;9.6;10.1;-0.023103421561406573;-1.891499646782652;0;6.0;6.0;10.1;10.1;point_30%;7;6.0;10.1;0.0;0;0;-;0.0;0;0;0.0;0.0
126;3437.0;10.0;53.741815;86.8352166;192.0;0.7545206440956943;-3.312945057269357;134.31944760220642;;56.4;6.850445030242692;151.3975;-0.0479249515652085;-1.0054043030488429;-0.0132558376669725;Груженный движется назад;95;7530G;240;1200.0;54.2;100.0;808.0;32.0;804.0;31.0;880.0;47.0;888.0;44.0;4.0;48.0;848.0;51.0;44.67812499999999;8.3;7.4;12.0;11.5;0.5281715369826746;-2.2084407730394333;0;8.7;6.0;10.1;10.1;point_30%;7;6.0;10.1;0.0;0;0;-;0.0;0;0;0.0;0.0
127;3451.0;9.0;53.7417137;86.8350897;193.0;1.3897445896633531;-3.2286887798444424;134.0700377527966;;56.0;14.034653755574302;134.0275;-0.023452635872336;-1.0084633425104517;-0.0244723156928724;Груженный движется назад;95;7530G;240;1257.0;51.8;100.0;808.0;32.0;804.0;31.0;880.0;47.0;888.0;44.0;4.0;48.0;848.0;51.0;44.82704444444443;7.5;4.7;6.5;13.7;1.1751898496442694;-2.10488865940662;0;6.0;6.0;10.1;14.645;point_30%;7;6.0;10.1;0.0;0;0;-;0.0;0;0;0.0;0.0
128;3460.0;7.0;53.7416406;86.8350166;194.0;2.362197160777817;-3.0393845449726777;133.73591287384414;;56.0;9.454277474418696;121.0;-0.0897318242071989;-1.009483022330988;-0.0418068726419904;Груженный движется назад;95;7530G;240;963.0;50.0;100.0;808.0;32.0;804.0;31.0;880.0;47.0;888.0;44.0;4.0;48.0;848.0;51.0;44.96148888888888;6.3;7.3;12.9;7.9;1.92388688355846;-2.3931123481139362;0;6.0;6.0;10.1;10.1;-;0;6.0;10.1;0.0;0;0;-;0.0;0;0;0.0;0.0
129;3465.0;3.0;53.7416094;86.8349598;196.0;2.881411674837252;-2.7349976985145;133.30742565225353;;56.0;5.103736338864754;119.3625;-0.0708677475272763;-1.0003059039461608;-0.0504741511165493;Груженный движется назад;95;7530G;240;973.0;49.5;100.0;808.0;32.0;804.0;31.0;880.0;47.0;888.0;44.0;4.0;48.0;848.0;51.0;44.99464513888888;7.1;6.0;9.4;11.0;2.780198005860328;1.5707963267948966;0;6.0;6.0;10.1;10.1;-;0;6.0;10.1;0.0;0;0;-;0.0;0;0;0.0;0.0
